BytesIn: 2.60657056161e+11
BytesOut: 1.7136474318e+10
ItemDrops: 0
PayloadFulls: 43933
TotalCalls: 88680
TotalCompressCycles: 87876
TotalItems: 3.26445158e+08
TotalPayloads: 132613
WriteItemErrors: 0