AllocatedBytes: 1.96536101358e+11
Allocations: 4.348380591e+09
FreedBytes: 1.96536101225e+11
Frees: 4.348380587e+09
InuseBytes: 133
UntrackedFrees: 0